#   Words   BStree    Hashtab
	10000   0.000145  0.000013
	20000   0.000165  0.000007
	30000   0.000100  0.000008
	40000   0.000154  0.000008
	50000   0.000125  0.000007
	60000   0.000243  0.000007
	70000   0.000402  0.000009
	80000   0.000671  0.000007
	90000   0.000557  0.000007
	100000  0.000307  0.000008
	110000  0.000426  0.000007
	120000  0.000416  0.000013
	130000  0.000264  0.000008
	140000  0.000531  0.000007
	150000  0.000356  0.000007
	160000  0.000106  0.000008
	170000  0.000225  0.000007
	180000  0.000397  0.000007
	190000  0.000471  0.000007
	200000  0.000687  0.000007
