#   Words   BStree    Hashtab
	10000   0.000203  0.000016
	20000   0.000035  0.000008
	30000   0.000273  0.000008
	40000   0.000117  0.000010
	50000   0.000260  0.000008
	60000   0.000556  0.000014
	70000   0.000336  0.000009
	80000   0.000025  0.000009
	90000   0.000195  0.000011
	100000  0.000494  0.000011
	110000  0.000207  0.000009
	120000  0.000479  0.000008
	130000  0.000622  0.000008
	140000  0.000176  0.000009
	150000  0.000390  0.000022
	160000  0.000614  0.000010
	170000  0.000306  0.000009
	180000  0.000176  0.000010
	190000  0.000864  0.000009
	200000  0.000299  0.000010
